i                                                                                                                                     
‚ 002 - JACCS INTERNATIONAL VIETNAM       CURRENCY-  704     ACCELLENCE DATA CENTER                    FILE DATE 28/03/20  PAGE -    1
‚       TEAM A01                            (OPT-10) COLLECTION DETAIL ACCOUNTS BY TEAM/COLL           PROC DATE 28/03/20 - 16.36.27  
‚                                                                                                                                     
‚ TEAM  COL  CLASS     A C C O U N T   K E Y        CURRENT       DELINQUENT       CREDIT       AMOUNT      DAYS      LAST PAYMENT    
‚                   AP ORG TYPE  ACCT NUMBER        BALANCE         AMOUNT         LIMIT      OVERLIMIT     DELQ   DATE       AMOUNT  
‚                                                                                                                                     
‚  A01  CC1   900   01 002 001 002001******0013      86329,769      78651,850    20000,000      66329,769   773   041116      723,000 
‚  A01  CC1   900   01 002 001 002001******0088     150258,941     143103,753    20000,000     130258,941   711   220615      900,155 
‚  A01  CC1   900   01 002 001 002001******0104     143978,060     137121,962    20000,000     123978,060   711   220615      939,100 
‚  A01  CC1   900   01 002 001 002001******0138      77075,988      73405,703    20000,000      57075,988   711   170715      400,000 
‚  A01  CC1   900   01 002 001 002001******0179      87797,858      83617,008    20000,000      67797,858   711   220615      812,453 
‚  A01  CC1   900   01 002 001 002001******0195       7600,123       7238,212    20000,000                  740   081117      280,505 
‚  A01  CC1   900   01 002 001 002001******0229       8760,492       8343,326    20000,000                  740                     0 
‚  A01  CC1   900   01 002 001 002001******0237       8760,492       8343,326    30000,000                  740                     0 
‚  A01  CC1   900   01 002 001 002001******0245       8760,492       8343,326   150000,000                  740                     0 
‚  A01  CC1   900   01 002 001 002001******0328       5743,144       5469,661   100000,000                  527   311017      276,005 
‚  A01  CC1   900   01 002 001 002001******0344       6307,356       6007,006    10000,000                  527                     0 
‚  A01  CC1   900   01 002 001 002001******0369       6307,356       6007,006    20000,000                  527                     0 
‚  A01  CC1   900   01 002 001 002001******0393       2023,250       1665,000    12000,000                  760   030917       10,000 
‚  A01  CC1   900   01 002 001 002001******0401       6307,356       6007,006    10000,000                  527                     0 
‚  A01  CC1   900   01 002 001 002001******0419       6307,356       6007,006    10000,000                  527                     0 
‚  A01  CC1   900   01 002 001 002001******0484       6174,552       5880,526    20000,000                  527   120516          999 
‚  A01  CC1   900   01 002 001 002001******0500       6703,612       6384,392    23000,000                  527                     0 
‚  A01  CC1   900   01 002 001 002001******0526       6307,356       6007,006    30000,000                  527                     0 
‚  A01  CC1   900   01 002 001 002001******0534       6307,356       6007,006    12000,000                  527                     0 
‚  A01  CC1   900   01 002 001 002001******0542      25584,966      24366,634    10000,000      15584,966   711                     0 
‚  A01  CC1   900   01 002 001 002001******0559       6302,073       6001,974    10000,000                  527                     0 
‚  A01  CC1   900   01 002 001 002001******0567       6010,930       5724,695    10000,000                  496                     0 
‚  A01  CC1   900   01 002 001 002001******0641       3214,325       2989,585     5000,000                  102   130216     6147,871 
‚  A01  CC1   900   01 002 001 002001******0674      76820,813      73162,679    10000,000      66820,813   678                     0 
‚  A01  CC1   900   01 002 001 002001******0682       7205,547       6862,426    15000,000                  496                     0 
‚  A01  CC1   900   01 002 001 002001******0690      56139,964      53466,632    10000,000      46139,964   678                     0 
‚  A01  CC1   900   01 002 001 002001******0708       2856,935       2482,309    20000,000                  887   081117     1120,005 
‚  A01  CC1   900   01 002 001 002001******0716      80321,033      76496,222    56000,000      24321,033   678                     0 
‚  A01  CC1   900   01 002 001 002001******0765       4752,966       4526,634    50000,000                  345   190216       50,000 
‚  A01  CC1   900   01 002 001 002001******0781       3520,985       3323,920     5000,000                  160   030316     1500,000 
‚  A01  CC1   900   01 002 001 002001******0807      20185,535      19224,319    10000,000      10185,535   375   140516      250,000 
‚  A01  CC1   900   01 002 001 002001******0823      15446,501      14551,391    20000,000                  375   040316     2287,918 
‚  A01  CC1   900   01 002 001 002001******0849       4752,966       4526,634    10000,000                  345                     0 
‚  A01  CC1   900   01 002 001 002001******0914       4981,501       4540,952    50000,000                  351                     0 
‚  A01  CC1   900   01 002 001 002001******0922       5574,003       5078,268      500,000       5074,003   351                     0 
‚  A01  CC1   900   01 002 001 002001******0930       5574,003       5078,268       50,000       5524,003   351                     0 
‚  A01  CC1   900   01 002 001 002001******0948       5574,003       5078,268       90,000       5484,003   351                     0 
‚  A01  CC1   900   01 002 001 002001******0963       5244,992       4995,230          100       5244,892   345                     0 
‚  A01  CC1   900   01 002 001 002001******0989       4752,966       4526,634    10000,000                  345                     0 
‚  A01  CC1   900   01 002 001 002001******0997       5164,191       4704,903     2500,000       2664,191   351                     0 
‚  A01  CC1   900   01 002 001 002001******1003       5244,992       4995,230      500,000       4744,992   345                     0 
‚  A01  CC1   900   01 002 001 002001******1086       4335,278       4128,836    10000,000                  314                     0 
‚  A01  CC1   900   01 002 001 002001******1185       8771,490       6326,821     5000,000       3771,490   209   041116       71,549 
‚  A01  CC1   900   01 002 001 002001******1201       5524,921       4977,512     8000,000                  130   220117      140,000 
‚  A01  CC1   900   01 002 001 002001******1383       5797,174       4976,749    10000,000                  827   061117     9000,000 
‚  A01  CC1   900   01 002 001 002001******1490       1480,000        600,000     5000,000                  575                     0 
‚  A01  CC1   900   01 002 001 002001******1532       2349,859       2237,961     1000,000       1349,859   857                     0 
‚  A01  CC1   900   01 002 002 002002******0038      12032,219      11459,256    20000,000                  831   120315      200,000 
‚  A01  CC1   900   01 002 002 002002******0061     163851,277     156048,835    20000,000     143851,277   711   220615      573,513 
‚  A01  CC1   900   01 002 002 002002******0079     116091,527     110563,359    20000,000      96091,527   772                     0 
i                                                                                                                                     
‚ 002 - JACCS INTERNATIONAL VIETNAM       CURRENCY-  704     ACCELLENCE DATA CENTER                    FILE DATE 28/03/20  PAGE -    2
‚       TEAM A01                            (OPT-10) COLLECTION DETAIL ACCOUNTS BY TEAM/COLL           PROC DATE 28/03/20 - 16.36.27  
‚                                                                                                                                     
‚ TEAM  COL  CLASS     A C C O U N T   K E Y        CURRENT       DELINQUENT       CREDIT       AMOUNT      DAYS      LAST PAYMENT    
‚                   AP ORG TYPE  ACCT NUMBER        BALANCE         AMOUNT         LIMIT      OVERLIMIT     DELQ   DATE       AMOUNT  
‚                                                                                                                                     
‚  A01  CC1   900   01 002 002 002002******0087      93633,729      89174,980    20000,000      73633,729   740   170715      600,000 
‚  A01  CC1   900   01 002 002 002002******0111       6307,356       6007,006    10000,000                  527                     0 
‚  A01  CC1   900   01 002 002 002002******0178       6307,356       6007,006    15000,000                  527                     0 
‚  A01  CC1   900   01 002 002 002002******0186      14672,266      13682,866    20000,000                  314   030716      630,000 
‚  A01  CC1   900   01 002 002 002002******0210       6307,356       6007,006    10000,000                  527                     0 
‚  A01  CC1   900   01 002 002 002002******0236       6307,356       6007,006    10000,000                  527                     0 
‚  A01  CC1   900   01 002 002 002002******0244       4888,939       4656,132   105000,000                  527   081117      317,005 
‚  A01  CC1   900   01 002 002 002002******0251       6703,612       6384,392    10000,000                  527                     0 
‚  A01  CC1   900   01 002 002 002002******0277       6383,414       6079,442    20000,000                  527                     0 
‚  A01  CC1   900   01 002 002 002002******0319       6703,612       6384,392    12000,000                  527                     0 
‚  A01  CC1   900   01 002 002 002002******0327       6010,930       5724,695    20000,000                  496                     0 
‚  A01  CC1   900   01 002 002 002002******0343      13916,979      13254,266    10000,000       3916,979   649   150815      100,000 
‚  A01  CC1   900   01 002 002 002002******0368       6366,453       6063,289    10000,000                  496   010216     5856,604 
‚  A01  CC1   900   01 002 002 002002******0376      67673,958      64451,389    10000,000      57673,958   678                     0 
‚  A01  CC1   900   01 002 002 002002******0384      54638,902      51846,573    10000,000      44638,902   678                     0 
‚  A01  CC1   900   01 002 002 002002******0392      56139,964      53466,632    10000,000      46139,964   678                     0 
‚  A01  CC1   900   01 002 002 002002******0418      53374,523      50832,879    20000,000      33374,523   678                     0 
‚  A01  CC1   900   01 002 002 002002******0426      62554,436      59575,653     8000,000      54554,436   678                     0 
‚  A01  CC1   900   01 002 002 002002******0459       4752,966       4526,634    20000,000                  345   190216       50,000 
‚  A01  CC1   900   01 002 002 002002******0467       5208,612       4960,583    10000,000                  345                     0 
‚  A01  CC1   900   01 002 002 002002******0491       4051,294       3858,375    15000,000                  222   071116      100,000 
‚  A01  CC1   900   01 002 002 002002******0541       3873,191       3669,883    10000,000                  192   041116      249,900 
‚  A01  CC1   900   01 002 002 002002******0558       4549,460       4332,819    15000,000                  314                     0 
‚  A01  CC1   900   01 002 002 002002******0566       5644,205       5375,433    20000,000                  314                     0 
‚  A01  CC1   900   01 002 002 002002******0590      16885,121      16081,068     5000,000      11885,121   222                     0 
‚  A01  CC1   900   01 002 002 002002******0608       4513,274       4137,904    10000,000                  160   100117      150,000 
‚  A01  CC1   900   01 002 002 002002******0681       2511,841       2146,632    10000,000                  887   051017       50,000 
‚  A01  CC1   900   01 002 002 002002******0988       1480,000        952,000     5000,000                  575                     0 
‚  A01  CC1   900   01 002 003 002003******0052      92818,117      88398,207    20000,000      72818,117   711   220615      573,513 
‚  A01  CC1   900   01 002 003 002003******0060     212417,513     202417,514    20000,000     192417,513   772                     0 
‚  A01  CC1   900   01 002 003 002003******0078      83746,815      79758,871    20000,000      63746,815   711   220615      572,913 
‚  A01  CC1   900   01 002 003 002003******0086       6703,612       6384,392    15000,000                  527                     0 
‚  A01  CC1   900   01 002 003 002003******0110       7099,870       6761,781    20000,000                  527                     0 
‚  A01  CC1   900   01 002 003 002003******0128       6307,356       6007,006    20000,000                  527                     0 
‚  A01  CC1   900   01 002 003 002003******0136       6307,356       6007,006    47000,000                  527                     0 
‚  A01  CC1   900   01 002 003 002003******0144       6307,356       6007,006     9000,000                  527                     0 
‚  A01  CC1   900   01 002 003 002003******0169       6307,356       6007,006     9000,000                  527                     0 
‚  A01  CC1   900   01 002 003 002003******0219       6703,612       6384,392    15000,000                  527                     0 
‚  A01  CC1   900   01 002 003 002003******0227       6368,131       6064,887     5000,000       1368,131   527                     0 
‚  A01  CC1   900   01 002 003 002003******0250       6307,356       6007,006    40000,000                  527                     0 
‚  A01  CC1   900   01 002 003 002003******0268       7099,870       6761,781    20000,000                  527                     0 
‚  A01  CC1   900   01 002 003 002003******0276       6307,356       6007,006    10000,000                  527                     0 
‚  A01  CC1   900   01 002 003 002003******0284       6010,930       5724,695    10000,000                  496                     0 
‚  A01  CC1   900   01 002 003 002003******0292       6873,190       6482,909    10000,000                  192   111216     1370,000 
‚  A01  CC1   900   01 002 003 002003******0300       2016,895       1612,569    10000,000                  760   270516     2000,000 
‚  A01  CC1   900   01 002 003 002003******0318     120257,648     114531,093    12000,000     108257,648   678   150815      100,000 
‚  A01  CC1   900   01 002 003 002003******0334      56139,964      53466,632    10000,000      46139,964   678                     0 
‚  A01  CC1   900   01 002 003 002003******0359      54068,113      51493,441    25000,000      29068,113   678                     0 
‚  A01  CC1   900   01 002 003 002003******0367      53202,336      50668,891    25000,000      28202,336   678                     0 
‚  A01  CC1   900   01 002 003 002003******0375      53374,523      50832,879    20000,000      33374,523   678                     0 
i                                                                                                                                     
‚ 002 - JACCS INTERNATIONAL VIETNAM       CURRENCY-  704     ACCELLENCE DATA CENTER                    FILE DATE 28/03/20  PAGE -    3
‚       TEAM A01                            (OPT-10) COLLECTION DETAIL ACCOUNTS BY TEAM/COLL           PROC DATE 28/03/20 - 16.36.27  
‚                                                                                                                                     
‚ TEAM  COL  CLASS     A C C O U N T   K E Y        CURRENT       DELINQUENT       CREDIT       AMOUNT      DAYS      LAST PAYMENT    
‚                   AP ORG TYPE  ACCT NUMBER        BALANCE         AMOUNT         LIMIT      OVERLIMIT     DELQ   DATE       AMOUNT  
‚                                                                                                                                     
‚  A01  CC1   900   01 002 003 002003******0383       5770,758       5495,960     2000,000       3770,758   467                     0 
‚  A01  CC1   900   01 002 003 002003******0391       4752,966       4526,634    13000,000                  345   110316     1315,540 
‚  A01  CC1   900   01 002 003 002003******0441       4752,966       4526,634    10000,000                  345                     0 
‚  A01  CC1   900   01 002 003 002003******0508       3402,617       2364,426     5000,000                  124   130117      160,000 
‚  A01  CC1   900   01 002 003 002003******0516       4106,544       2885,422    10000,000                  152   241216      190,000 
‚  A01  CC1   900   01 002 005 002005******0019     139575,555     132929,100    10000,000     129575,555   678                     0 
‚  A01  CC1   900   01 002 005 002005******0027     285748,580     275748,581    30000,000     255748,580   678                     0 
‚  A01  CC1   900   01 002 005 002005******0035      84840,217      80800,207    10000,000      74840,217   678                     0 
‚  A01  CC1   900   01 002 005 002005******0050      85446,272      81377,402    35000,000      50446,272   678                     0 
‚  A01  CC1   900   01 002 012 002012******0010      18664,531      17775,744    10000,000       8664,531   345                     0 
‚  A01  CC1   900   01 002 751 002751******0072       6208,859       4126,324    10000,000                  551   240918     1000,000 
‚  A01  CC1   900   01 002 751 002751******0122       2422,877       1306,860    20000,000                  460                     0 
‚  A01  CC1   900   01 002 751 002751******0171       2422,877       1306,860    20000,000                  460                     0 
‚  A01  CC1   900   01 002 751 002751******0221       2422,877       1306,860    20000,000                  460                     0 
‚  A01  CC1   900   01 002 751 002751******0239        230,000         50,000    20000,000                    5   170819     1742,279 
‚  A01  CC1   900   01 002 751 002751******0270       2522,877       1361,860    20000,000                  460                     0 
‚  A01  CC1   900   01 002 752 002752******0097       2522,877       1361,860    20000,000                  460                     0 
‚  A01  CC1   900   01 002 752 002752******0147       2422,877       1306,860    20000,000                  460                     0 
‚  A01  CC1   900   01 002 752 002752******0196       2422,877       1306,860    20000,000                  460                     0 
‚  A01  CC1   900   01 002 752 002752******0204       2422,877       1306,860    20000,000                  460                     0 
‚  A01  CC1   900   01 002 752 002752******0212       2422,877       1306,860    20000,000                  460                     0 
‚  A01  CC1   900   01 002 752 002752******0220       2422,877       1306,860    20000,000                  460                     0 
‚  A01  CC1   900   01 002 752 002752******0238       2422,877       1306,860    20000,000                  460                     0 
‚  A01  CC1   900   01 002 752 002752******0246       2422,877       1306,860    20000,000                  460                     0 
‚  A01  CC1   900   01 002 752 002752******0253       2422,877       1306,860    20000,000                  460                     0 
‚  A01  CC1   900   01 002 752 002752******0261       2422,877       1306,860    20000,000                  460                     0 
‚  A01  CC1   900   01 002 752 002752******0279       2422,877       1306,860    20000,000                  460                     0 
‚  A01  CC1   900   01 002 752 002752******0287       2522,877       1346,860    20000,000                  460                     0 
‚  A01  CC1   900   01 002 752 002752******0477       2433,959        926,574     5000,000                  250   090719     2000,000 
‚  A01  CC1   900   01 002 752 002752******0527       5732,861        923,280    10000,000                   33   060220      500,000 
‚  A01  CC1   900   01 002 753 002753******0054       1720,000        812,000    25000,000                  667                     0 
‚  A01  CC1   900   01 002 800 002800******0057       6865,759       6538,818    20000,000                  222   041116     2593,285 
‚  A01  CC1   900   01 002 800 002800******0065      30938,935      29465,652    20000,000      10938,935   772                     0 
‚  A01  CC1   900   01 002 800 002800******0073      24178,823      23027,450    20000,000       4178,823   678   170715      100,000 
‚  A01  CC1   900   01 002 800 002800******0222      48296,924      45997,070    20000,000      28296,924   711   220615      198,166 
‚  A01  CC1   900   01 002 800 002800******0404      60697,373      57807,022    15000,000      45697,373   678   150815      100,000 
‚  A01  CC1   900   01 002 800 002800******0412      60535,637      57652,988    25000,000      35535,637   678   150815      100,000 
‚  A01  CC1   900   01 002 800 002800******0420      59834,186      56826,623    90000,000                  678                     0 
‚  A01  CC1   900   01 002 800 002800******0628       6195,892       5205,189     5000,000       1195,892   645                     0 
‚  A01  CC1   900   01 002 801 002801******0072      22949,964      16676,823    20000,000       2949,964   711   220615      101,473 
‚  A01  CC1   900   01 002 801 002801******0080      32032,727      30507,359    20000,000      12032,727   772                     0 
‚  A01  CC1   900   01 002 801 002801******0098      27083,472      25793,783    20000,000       7083,472   711   220615      100,534 
‚  A01  CC1   900   01 002 801 002801******0213      74874,720      71309,257    10000,000      64874,720   678   150815      100,000 
‚  A01  CC1   900   01 002 801 002801******0221       3969,134       3764,371    10000,000                  192   041116      704,847 
‚  A01  CC1   900   01 002 801 002801******0239      63752,978      60717,122    20000,000      43752,978   678                     0 
‚  A01  CC1   900   01 002 801 002801******0247       3226,283       2380,834     5000,000                  209                     0 
‚  A01  CC1   900   01 002 801 002801******0262      41686,211      39701,153    18000,000      23686,211   467   120516        1,400 
‚  A01  CC1   900   01 002 801 002801******0312       2367,613       1995,466     5000,000                  857   281017      500,000 
‚  A01  CC1   900   01 002 801 002801******0353       4322,214       2974,077     5000,000                  152                     0 
‚  A01  CC1   900   01 002 801 002801******0411       6693,733       5924,018     5000,000       1693,733   645                     0 
i                                                                                                                                     
‚ 002 - JACCS INTERNATIONAL VIETNAM       CURRENCY-  704     ACCELLENCE DATA CENTER                    FILE DATE 28/03/20  PAGE -    4
‚       TEAM A01                            (OPT-10) COLLECTION DETAIL ACCOUNTS BY TEAM/COLL           PROC DATE 28/03/20 - 16.36.27  
‚                                                                                                                                     
‚ TEAM  COL  CLASS     A C C O U N T   K E Y        CURRENT       DELINQUENT       CREDIT       AMOUNT      DAYS      LAST PAYMENT    
‚                   AP ORG TYPE  ACCT NUMBER        BALANCE         AMOUNT         LIMIT      OVERLIMIT     DELQ   DATE       AMOUNT  
‚                                                                                                                                     
‚  A01  CC1   900   01 002 802 002802******0071      33892,053      32278,146    20000,000      13892,053   772                     0 
‚  A01  CC1   900   01 002 802 002802******0162       8445,374       8043,213    30000,000                  649   150815      100,000 
‚  A01  CC1   900   01 002 802 002802******0170       6932,113       6602,012    20000,000                  649   150815      100,000 
‚  A01  CC1   900   01 002 802 002802******0188      18091,997      17230,473    20000,000                  467   220216     5000,000 
‚  A01  CC1   900   01 002 802 002802******0204      50583,162      48174,440    19000,000      31583,162   467   120516        1,000 
‚  A01  CC1   900   01 002 802 002802******0212      60052,152      57192,526    20000,000      40052,152   467                     0 
‚  A01  CC1   900   01 002 802 002802******0311       4922,151       4443,681     8000,000                  160                     0 
‚  A01  CC1   900   01 002 802 002802******0329       4514,411       3081,926     8000,000                  152   241216      170,000 
‚  A01  CC1   900   01 002 802 002802******0337       3918,394       3473,239     5000,000                  111                     0 
‚  A01  CC1   900   01 002 802 002802******0360       3320,087       2831,100    15000,000                  887   090917      250,000 
‚  A01  CC1   900   01 002 802 002802******0386       6039,231       2677,421     5000,000       1039,231   658                     0 
‚  A01  CC1   900   01 002 802 002802******0394       7050,280       4835,419    10000,000                  645                     0 
‚  A01  CC1   900   01 002 803 002803******0179       5576,011       5310,487    10000,000                  496   010216      731,952 
‚  A01  CC1   900   01 002 803 002803******0203      77831,622      74125,354    21000,000      56831,622   467   120516        1,000 
‚  A01  CC1   900   01 002 803 002803******0286       3752,178       3421,492     5000,000                  183                     0 
‚  A01  CC1   900   01 002 803 002803******0294       4723,349       4218,251     5000,000                  160   100117       49,000 
‚  A01  CC1   900   01 002 951 002951******0088       3170,147       2332,195     5000,000                  699   030318      500,000 
‚  A01  CC1   900   01 002 951 002951******0104       5978,752       3429,465    20000,000                  460                     0 
‚  A01  CC1   900   01 002 951 002951******0112       5978,752       3429,465    20000,000                  460                     0 
‚  A01  CC1   900   01 002 951 002951******0120       5978,752       3429,465    20000,000                  460                     0 
‚  A01  CC1   900   01 002 951 002951******0138       5978,752       3429,465    20000,000                  460                     0 
‚  A01  CC1   900   01 002 951 002951******0146       5978,752       3429,465    20000,000                  460                     0 
‚  A01  CC1   900   01 002 951 002951******0153       5978,752       3429,465    20000,000                  460                     0 
‚  A01  CC1   900   01 002 951 002951******0161       5978,752       3429,465    20000,000                  460                     0 
‚  A01  CC1   900   01 002 951 002951******0179       5978,752       3429,465    20000,000                  460                     0 
‚  A01  CC1   900   01 002 951 002951******0187       5978,752       3429,465    20000,000                  460                     0 
‚  A01  CC1   900   01 002 951 002951******0195       5978,752       3429,465    20000,000                  460                     0 
‚  A01  CC1   900   01 002 951 002951******0203       5978,752       3429,465    20000,000                  460                     0 
‚  A01  CC1   900   01 002 951 002951******0211       5978,752       3429,465    20000,000                  460                     0 
‚  A01  CC1   900   01 002 951 002951******0229       5978,752       3429,465    20000,000                  460                     0 
‚  A01  CC1   900   01 002 951 002951******0237       5978,752       3429,465    20000,000                  460                     0 
‚  A01  CC1   900   01 002 951 002951******0245       5978,752       3429,465    20000,000                  460                     0 
‚  A01  CC1   900   01 002 951 002951******0252       5978,752       3429,465    20000,000                  460                     0 
‚  A01  CC1   900   01 002 951 002951******0260       5978,752       3429,465    20000,000                  460                     0 
‚  A01  CC1   900   01 002 951 002951******0278       5978,752       3429,465    20000,000                  460                     0 
‚  A01  CC1   900   01 002 951 002951******0286       5978,752       3429,465    20000,000                  460                     0 
‚  A01  CC1   900   01 002 951 002951******0294       5978,752       3429,465    20000,000                  460                     0 
‚  A01  CC1   900   01 002 952 002952******0061        916,205        350,000    20000,000                  187   180819     4105,509 
‚  A01  CC1   900   01 002 952 002952******0079        916,205        350,000    20000,000                  187   180819     4105,509 
‚  A01  CC1   900   01 002 952 002952******0087        756,205        250,000    20000,000                  187   180819     4155,509 
‚  A01  CC1   900   01 002 952 002952******0103       6502,387       3627,561    20000,000                  460                     0 
‚  A01  CC1   900   01 002 952 002952******0111       6229,558       3524,916    20000,000                  460                     0 
‚  A01  CC1   900   01 002 952 002952******0129       6229,558       3524,916    20000,000                  460                     0 
‚  A01  CC1   900   01 002 952 002952******0137       6229,558       3524,916    20000,000                  460                     0 
‚  A01  CC1   900   01 002 952 002952******0145       6229,558       3524,916    20000,000                  460                     0 
‚  A01  CC1   900   01 002 952 002952******0160       6229,558       3524,916    20000,000                  460                     0 
‚  A01  CC1   900   01 002 952 002952******0178       6229,558       3524,916    20000,000                  460                     0 
‚  A01  CC1   900   01 002 952 002952******0186       6229,558       3524,916    20000,000                  460                     0 
‚  A01  CC1   900   01 002 952 002952******0194       6229,558       3524,916    20000,000                  460                     0 
‚  A01  CC1   900   01 002 952 002952******0202       6229,558       3524,916    20000,000                  460                     0 
i                                                                                                                                     
‚ 002 - JACCS INTERNATIONAL VIETNAM       CURRENCY-  704     ACCELLENCE DATA CENTER                    FILE DATE 28/03/20  PAGE -    5
‚       TEAM A01                            (OPT-10) COLLECTION DETAIL ACCOUNTS BY TEAM/COLL           PROC DATE 28/03/20 - 16.36.27  
‚                                                                                                                                     
‚ TEAM  COL  CLASS     A C C O U N T   K E Y        CURRENT       DELINQUENT       CREDIT       AMOUNT      DAYS      LAST PAYMENT    
‚                   AP ORG TYPE  ACCT NUMBER        BALANCE         AMOUNT         LIMIT      OVERLIMIT     DELQ   DATE       AMOUNT  
‚                                                                                                                                     
‚  A01  CC1   900   01 002 952 002952******0210       6229,558       3524,916    20000,000                  460                     0 
‚  A01  CC1   900   01 002 952 002952******0228       6229,558       3524,916    20000,000                  460                     0 
‚  A01  CC1   900   01 002 952 002952******0236       6229,558       3524,916    20000,000                  460                     0 
‚  A01  CC1   900   01 002 952 002952******0244       6229,558       3524,916    20000,000                  460                     0 
‚  A01  CC1   900   01 002 952 002952******0251       6229,558       3524,916    20000,000                  460                     0 
‚  A01  CC1   900   01 002 952 002952******0269       6229,558       3524,916    20000,000                  460                     0 
‚                                                                                                                                     
‚           CLASSIFICATION 900 TOTALS      206     4456256,643    4107972,221                                                         
‚                                                                                                                                     
‚           **** COLLECTOR CC1 TOTALS      206     4456256,643    4107972,221                                                         
‚                                                                                                                                     
‚           * * * * * TEAM A01 TOTALS      206     4456256,643    4107972,221                                                         
‚                                                                                                                                     
i                                                                                                                                     
‚ 002 - JACCS INTERNATIONAL VIETNAM       CURRENCY-  704     ACCELLENCE DATA CENTER                    FILE DATE 28/03/20  PAGE -    6
‚       TEAM E01                            (OPT-10) COLLECTION DETAIL ACCOUNTS BY TEAM/COLL           PROC DATE 28/03/20 - 16.36.27  
‚                                                                                                                                     
‚ TEAM  COL  CLASS     A C C O U N T   K E Y        CURRENT       DELINQUENT       CREDIT       AMOUNT      DAYS      LAST PAYMENT    
‚                   AP ORG TYPE  ACCT NUMBER        BALANCE         AMOUNT         LIMIT      OVERLIMIT     DELQ   DATE       AMOUNT  
‚                                                                                                                                     
‚  E01  C08   450   01 002 001 002001******0039       6830,125       6118,955    20000,000                  130   111216    26174,709 
‚  E01  C08   450   01 002 001 002001******0047     110256,597     105006,283    20000,000      90256,597   891   311017    17204,170 
‚  E01  C08   450   01 002 001 002001******0070      50668,407      37532,151    12000,000      38668,407   678   210715      600,000 
‚  E01  C08   450   01 002 001 002001******0096      29207,696      27816,853    20000,000       9207,696   802                     0 
‚  E01  C08   450   01 002 001 002001******0187      87148,031      82998,125    20000,000      67148,031   772                     0 
‚  E01  C08   450   01 002 001 002001******0252       2969,935       2557,810    20000,000                  887   311017     1210,005 
‚  E01  C08   450   01 002 001 002001******0278       3258,941       2857,426    10000,000                  917   311017      700,555 
‚  E01  C08   450   01 002 001 002001******0302       3916,800       3694,710    20000,000                  947   311017      774,005 
‚  E01  C08   450   01 002 001 002001******0518       6307,356       6007,006    10000,000                  527                     0 
‚  E01  C08   450   01 002 001 002001******0625       3889,704       3673,825    20000,000                  947   081117      712,005 
‚  E01  C08   450   01 002 001 002001******0666       3263,068       2912,356    16000,000                  917   081117     1081,130 
‚  E01  C08   450   01 002 001 002001******1078       6307,356       6007,006    10000,000                  525                     0 
‚  E01  C08   450   01 002 001 002001******1334      25804,802      24576,002    20000,000       5804,802   159   220615      105,405 
‚  E01  C08   450   01 002 002 002002******0012     182962,102     174249,621    20000,000     162962,102   891                     0 
‚  E01  C08   450   01 002 002 002002******0020     175984,367     167604,159    20000,000     155984,367   891                     0 
‚  E01  C08   450   01 002 002 002002******0046      77700,208      74000,198    12000,000      65700,208   711   010715      300,000 
‚  E01  C08   450   01 002 002 002002******0053      30306,322      28863,164    20000,000      10306,322   802                     0 
‚  E01  C08   450   01 002 003 002003******0011     340107,163     330107,164    20000,000     320107,163   891   040715       20,000 
‚  E01  C08   450   01 002 003 002003******0029     340292,357     330292,358    20000,000     320292,357   891                     0 
‚  E01  C08   450   01 002 003 002003******0037      90218,083      85921,984    12000,000      78218,083   711   010715      100,000 
‚  E01  C08   450   01 002 003 002003******0045      55202,092      52573,421    20000,000      35202,092   802                     0 
‚  E01  C08   450   01 002 800 002800******0016       5232,590       4983,419    20000,000                  467   220216    20133,395 
‚  E01  C08   450   01 002 800 002800******0024     213278,907     203278,908    20000,000     193278,907   891   120516        1,400 
‚  E01  C08   450   01 002 800 002800******0032      25307,676      24102,549    12000,000      13307,676   711   220615       96,017 
‚  E01  C08   450   01 002 800 002800******0040       6965,712       6634,011    20000,000                  678   170715     2511,131 
‚  E01  C08   450   01 002 801 002801******0015      23012,809      21916,961    50000,000                  891                     0 
‚  E01  C08   450   01 002 801 002801******0023     222578,323     212578,324    20000,000     202578,323   891   220415          100 
‚  E01  C08   450   01 002 801 002801******0031     222585,099     212585,100    20000,000     202585,099   891                     0 
‚  E01  C08   450   01 002 801 002801******0064       7710,717       7275,264    20000,000                  160   141216     3783,499 
‚  E01  C08   450   01 002 802 002802******0014     225215,683     215215,684    20000,000     205215,683   891   140516     1000,000 
‚  E01  C08   450   01 002 802 002802******0022     237033,108     227033,109    20000,000     217033,108   891                     0 
‚  E01  C08   450   01 002 802 002802******0048      28005,802      26672,192    12000,000      16005,802   711   220615       97,060 
‚  E01  C08   450   01 002 802 002802******0055      35192,675      33516,833    20000,000      15192,675   802                     0 
‚  E01  C08   450   01 002 802 002802******0063      30167,952      28731,383    20000,000      10167,952   432   111216     2952,686 
‚  E01  C08   450   01 002 803 002803******0013     256827,228     246827,229    20000,000     236827,228   891                     0 
‚  E01  C08   450   01 002 803 002803******0039     251402,347     241402,348    20000,000     231402,347   891   051116      623,000 
‚  E01  C08   450   01 002 803 002803******0047      34302,983      32669,508    12000,000      22302,983   711   050818       50,000 
‚  E01  C08   450   01 002 803 002803******0054      38052,195      36240,186    20000,000      18052,195   802                     0 
‚  E01  C08   450   01 002 803 002803******0195      34932,527      33269,073     5000,000      29932,527   389   051116      263,000 
‚                                                                                                                                     
‚           CLASSIFICATION 450 TOTALS       39     3530405,845    3370302,658                                                         
‚                                                                                                                                     
‚           **** COLLECTOR C08 TOTALS       39     3530405,845    3370302,658                                                         
‚                                                                                                                                     
‚           * * * * * TEAM E01 TOTALS       39     3530405,845    3370302,658                                                         
‚                                                                                                                                     

