1                                                              CARDLINK                                FILE DATE 28/03/20 PAGE-   1   
0 ORG 002 - JACCS INTER. VIETNAM FINANCE             CREDIT LINE EXCEEDED REPORT                      PROC DATE 28/03/20-16.17.30    
                                                              CPD705 - 01                                                            
-                                                                                                                                     
                                                     CREDIT CURR             ACCOUNT                       CURRENT CURR      CREDIT  
  CUSTOMER NUMBER  CUSTOMER NAME                     LINE   CODE      EXCESS ORG TYPE ACCOUNT              BALANCE CODE       LIMIT  
                                                                                                                                      
0               18                                 20000000  000    66329700 002  001 002001******0013     86329769 000    20000000   
0               59 111111111111111                 20000000  000   162962100 002  002 002002******0012    182962102 000    20000000   
0               75 111111111111111                 20000000  000   320107100 002  003 002003******0011    340107163 000    20000000   
0              109 111111111111111                 20000000  000   202578300 002  801 002801******0023    222578323 000    20000000   
0              141 111111111111111                 20000000  000   205215600 002  802 002802******0014    225215683 000    20000000   
0              158 111111111111111                 20000000  000   236827200 002  803 002803******0013    256827228 000    20000000   
0              174 111111111111111                 20000000  000    90256500 002  001 002001******0047    110256597 000    20000000   
0              232 111111111111111                 20000000  000   155984300 002  002 002002******0020    175984367 000    20000000   
0              240 111111111111111                 20000000  000   320292300 002  003 002003******0029    340292357 000    20000000   
0              257 111111111111111                 20000000  000   193278900 002  800 002800******0024    213278907 000    20000000   
0              265 111111111111111                 20000000  000   202585000 002  801 002801******0031    222585099 000    20000000   
0              273 111111111111111                 20000000  000   217033100 002  802 002802******0022    237033108 000    20000000   
0              281 111111111111111                 20000000  000   231402300 002  803 002803******0039    251402347 000    20000000   
0              414 9876543210                      12000000  000   265078700 002  001 002001******0070     50668407 000    12000000   
0              414 9876543210                      12000000  000   265078700 002  002 002002******0046     77700208 000    12000000   
0              414 9876543210                      12000000  000   265078700 002  003 002003******0037     90218083 000    12000000   
0              414 9876543210                      12000000  000   265078700 002  800 002800******0032     25307676 000    12000000   
0              414 9876543210                      12000000  000   265078700 002  801 002801******0056     29124383 000    12000000   
0              414 9876543210                      12000000  000   265078700 002  802 002802******0048     28005802 000    12000000   
0              414 9876543210                      12000000  000   265078700 002  803 002803******0047     34302983 000    12000000   
0              497 9876543210                      20000000  000   130258900 002  001 002001******0088    150258941 000    20000000   
0              513 111111111111111                 20000000  000     9207600 002  001 002001******0096     29207696 000    20000000   
0              539 111111111111111                 20000000  000    10306300 002  002 002002******0053     30306322 000    20000000   
0              547 111111111111111                 20000000  000    35202000 002  003 002003******0045     55202092 000    20000000   
0              570 9876543223                      20000000  000   123978000 002  001 002001******0104    143978060 000    20000000   
1                                                              CARDLINK                                FILE DATE 28/03/20 PAGE-   2   
0 ORG 002 - JACCS INTER. VIETNAM FINANCE             CREDIT LINE EXCEEDED REPORT                      PROC DATE 28/03/20-16.17.30    
                                                              CPD705 - 01                                                            
-                                                                                                                                     
                                                     CREDIT CURR             ACCOUNT                       CURRENT CURR      CREDIT  
  CUSTOMER NUMBER  CUSTOMER NAME                     LINE   CODE      EXCESS ORG TYPE ACCOUNT              BALANCE CODE       LIMIT  
                                                                                                                                      
0              588 111111111111111                 20000000  000    15192600 002  802 002802******0055     35192675 000    20000000   
0              596 111111111111111                 20000000  000    18052100 002  803 002803******0054     38052195 000    20000000   
0              638 987654321                       20000000  000   279873500 002  001 002001******0112     15383477 000    20000000   
0              638 987654321                       20000000  000   279873500 002  002 002002******0061    163851277 000    20000000   
0              638 987654321                       20000000  000   279873500 002  003 002003******0052     92818117 000    20000000   
0              638 987654321                       20000000  000   279873500 002  800 002800******0057      6865759 000    20000000   
0              638 987654321                       20000000  000   279873500 002  801 002801******0072     22949964 000    20000000   
0              638 987654321                       20000000  000   279873500 002  802 002802******0063     30167952 000    20000000   
0              638 987654321                       20000000  000   279873500 002  803 002803******0062      1396005 000    20000000   
0              695 380000000000001                 20000000  000    96091500 002  002 002002******0079    116091527 000    20000000   
0              703 390000039                       20000000  000   192417500 002  003 002003******0060    212417513 000    20000000   
0              729 400000001                       20000000  000    10938900 002  800 002800******0065     30938935 000    20000000   
0              745 123456713                       20000000  000    13892000 002  802 002802******0071     33892053 000    20000000   
0              778 150000123                       20000000  000   283841200 002  001 002001******0138     77075988 000    20000000   
0              778 150000123                       20000000  000   283841200 002  002 002002******0087     93633729 000    20000000   
0              778 150000123                       20000000  000   283841200 002  003 002003******0078     83746815 000    20000000   
0              778 150000123                       20000000  000   283841200 002  800 002800******0073     24178823 000    20000000   
0              778 150000123                       20000000  000   283841200 002  801 002801******0098     27083472 000    20000000   
0              778 150000123                       20000000  000   283841200 002  802 002802******0089       944266 000    20000000   
0              778 150000123                       20000000  000   283841200 002  803 002803******0088       933266 000    20000000   
0              851                                 20000000  000    28296900 002  800 002800******0222     48296924 000    20000000   
0              877                                 20000000  000    93602600 002  001 002001******0179     87797858 000    20000000   
0              877                                 20000000  000    93602600 002  001 002001******1334     25804802 000    20000000   
0              885 111111111111111                 20000000  000    67148000 002  001 002001******0187     87148031 000    20000000   
0             1537 123456789                       10000000  000     1060300 002  001 002001******0401      6307356 000    10000000   
1                                                              CARDLINK                                FILE DATE 28/03/20 PAGE-   3   
0 ORG 002 - JACCS INTER. VIETNAM FINANCE             CREDIT LINE EXCEEDED REPORT                      PROC DATE 28/03/20-16.17.30    
                                                              CPD705 - 01                                                            
-                                                                                                                                     
                                                     CREDIT CURR             ACCOUNT                       CURRENT CURR      CREDIT  
  CUSTOMER NUMBER  CUSTOMER NAME                     LINE   CODE      EXCESS ORG TYPE ACCOUNT              BALANCE CODE       LIMIT  
                                                                                                                                      
0             1537 123456789                       10000000  000     1060300 002  003 002003******0441      4752966 000    10000000   
0             3004                                 15000000  000    45697300 002  800 002800******0404     60697373 000    15000000   
0             3053                                 10000000  000    64874700 002  801 002801******0213     74874720 000    10000000   
0             3152                                 16000000  000   104257600 002  003 002003******0318    120257648 000    12000000   
0             3160                                 30000000  000    30535600 002  800 002800******0412     60535637 000    25000000   
0             3202                                 10000000  000    66820800 002  001 002001******0674     76820813 000    10000000   
0             3228                                 15000000  000    39638900 002  002 002002******0384     54638902 000    10000000   
0             3236                                 10000000  000    57673900 002  002 002002******0376     67673958 000    10000000   
0             3244                                 30000000  000    24068100 002  003 002003******0359     54068113 000    25000000   
0             3269                                 10000000  000    46139900 002  003 002003******0334     56139964 000    10000000   
0             3277                                 25000000  000    38752900 002  801 002801******0239     63752978 000    20000000   
0             3285                                 10000000  000    46139900 002  001 002001******0690     56139964 000    10000000   
0             3293                                 10000000  000    46139900 002  002 002002******0392     56139964 000    10000000   
0             3301                                 40000000  000   245748500 002  005 002005******0027    285748580 000    30000000   
0             3319                                 10000000  000   129575500 002  005 002005******0019    139575555 000    10000000   
0             3335                                 30000000  000    28973000 002  003 002003******0367     53202336 000    25000000   
0             3335                                 30000000  000    28973000 002  003 002003******0383      5770758 000     2000000   
0             3343                                 20000000  000    33374500 002  002 002002******0418     53374523 000    20000000   
0             3350                                 10000000  000    52554400 002  002 002002******0426     62554436 000     8000000   
0             3368                                 60000000  000    20321000 002  001 002001******0716     80321033 000    56000000   
0             3376                                 20000000  000    33374500 002  003 002003******0375     53374523 000    20000000   
0             3384                                 40000000  000    45446200 002  005 002005******0050     85446272 000    35000000   
0             3392                                 10000000  000    74840200 002  005 002005******0035     84840217 000    10000000   
0             3590 1234                             5000000  000    29932500 002  803 002803******0195     34932527 000     5000000   
0             3640                                 10000000  000    10185500 002  001 002001******0807     20185535 000    10000000   
1                                                              CARDLINK                                FILE DATE 28/03/20 PAGE-   4   
0 ORG 002 - JACCS INTER. VIETNAM FINANCE             CREDIT LINE EXCEEDED REPORT                      PROC DATE 28/03/20-16.17.30    
                                                              CPD705 - 01                                                            
-                                                                                                                                     
                                                     CREDIT CURR             ACCOUNT                       CURRENT CURR      CREDIT  
  CUSTOMER NUMBER  CUSTOMER NAME                     LINE   CODE      EXCESS ORG TYPE ACCOUNT              BALANCE CODE       LIMIT  
                                                                                                                                      
0             3665                                 15000000  000     7715800 002  002 002002******0491      4051294 000    15000000   
0             3665                                 15000000  000     7715800 002  012 002012******0010     18664531 000    10000000   
0             3749                                 18000000  000    23686200 002  801 002801******0262     41686211 000    18000000   
0             3756                                 19000000  000    31583100 002  802 002802******0204     50583162 000    19000000   
0             3764                                 20000000  000    40052100 002  802 002802******0212     60052152 000    20000000   
0             3772                                 21000000  000    56831600 002  803 002803******0203     77831622 000    21000000   
0             4192                                     1000  000     5243900 002  001 002001******0963      5244992 000         100   
0             4309                                  2500000  000     2664100 002  001 002001******0997      5164191 000     2500000   
0             4754                                  5000000  000    11885100 002  002 002002******0590     16885121 000     5000000   
0             4820                                  5000000  000     3771400 002  001 002001******1185      8771490 000     5000000   
0             6718                                  5000000  000     1039200 002  802 002802******0386      6039231 000     5000000   
0             6825                                  5000000  000     1195800 002  800 002800******0628      6195892 000     5000000   
0             8094                                  1000000  000     1349800 002  001 002001******1532      2349859 000     1000000   

