                                                                       CARDLINK                                          FILE DATE-28/03/20  PAGE     1
                                                  TRIAL BALANCE REPORT TELLING EACH ACCOUNT INFORMATION                  PROC DATE-28/03/20  16:43:19  
                                                                                                                                                       
 JVB0096                                                                                                                                               
                                                                                                                                                       
 CARD TYPE: 001 JACCS VISA CARD                                                                                                                        
 ------------------------------------------------------------------------------------------------------------------------------------------------------
 REC               ACCOUNT          CUSTOMER              PRINCIPAL              PRINCIPAL               INTEREST                FEE               CASH
 NUMBER             NUMBER            NUMBER           CASH BALANCE         RETAIL BALANCE                BALANCE            BALANCE        INT ACCRUED
 ------------------------------------------------------------------------------------------------------------------------------------------------------
 0000001  0020010000000013  0000000000000018                      0                      0                      0         86,329,769                  0
 0000002  0020010000000021  0000000000000216        -99,995,572,021                      0                      0                  0                  0
 0000003  0020010000000039  0000000000000026                440,000                629,967                752,124          5,008,034              7,325
 0000004  0020010000000047  0000000000000174                      0                      0                179,982        110,076,615                  0
 0000005  0020010000000062  0000000000000349           -483,587,000                      0                      0                  0                  0
 0000006  0020010000000070  0000000000000414                      0                      0                      0         50,668,407                  0
 0000007  0020010000000088  0000000000000497                      0              2,275,718              2,763,325        145,219,898                  0
 0000008  0020010000000096  0000000000000513                      0              2,000,000              2,384,847         24,822,849                  0
 0000009  0020010000000104  0000000000000570                      0                      0                      0        143,978,060                  0
 0000010  0020010000000112  0000000000000638            -15,383,477                      0                      0                  0                  0
 0000011  0020010000000120  0000000000000679                -16,845                      0                      0                  0                  0
 0000012  0020010000000138  0000000000000778                      0                427,087                561,141         76,087,760                  0
 0000013  0020010000000179  0000000000000877                      0                787,547                960,100         86,050,211                  0
 0000014  0020010000000187  0000000000000885                      0                      0                      0         87,148,031                  0
 0000015  0020010000000195  0000000000001008                      0                      0                      0          7,600,123                  0
 0000016  0020010000000229  0000000000001024                      0                      0                      0          8,760,492                  0
 0000017  0020010000000237  0000000000001032                      0                      0                      0          8,760,492                  0
 0000018  0020010000000245  0000000000001040                      0                      0                      0          8,760,492                  0
 0000019  0020010000000252  0000000000001081                      0                      0                      0          2,969,935                  0
 0000020  0020010000000278  0000000000001123                      0                      0                      0          3,258,941                  0
 0000021  0020010000000302  0000000000001180                      0                      0                      0          3,916,800                  0
 0000022  0020010000000310  0000000000001230               -223,000                      0                      0                  0                  0
 0000023  0020010000000328  0000000000001305                      0                      0                      0          5,743,144                  0
 0000024  0020010000000344  0000000000001321                      0                      0                      0          6,307,356                  0
 0000025  0020010000000351  0000000000001339             -4,503,000                      0                      0                  0                  0
 0000026  0020010000000369  0000000000001461                      0                      0                      0          6,307,356                  0
 0000027  0020010000000377  0000000000001479        -99,998,903,000                      0                      0                  0                  0
 0000028  0020010000000385  0000000000001487               -723,000                      0                      0                  0                  0
 0000029  0020010000000393  0000000000001495                      0                      0                      0          2,023,250                  0
 0000030  0020010000000401  0000000000001537                      0                      0                      0          6,307,356                  0
 0000031  0020010000000419  0000000000001545                      0                      0                      0          6,307,356                  0
 0000032  0020010000000484  0000000000002006                      0                      0                      0          6,174,552                  0
 0000033  0020010000000500  0000000000002246                      0                      0                      0          6,703,612                  0
 0000034  0020010000000518  0000000000001123                      0                      0                      0          6,307,356                  0
 0000035  0020010000000526  0000000000002683                      0                      0                      0          6,307,356                  0
 0000036  0020010000000534  0000000000002758                      0                      0                      0          6,307,356                  0
 0000037  0020010000000542  0000000000001479                      0              2,000,000              2,271,513         21,313,453                  0
 0000038  0020010000000559  0000000000002519                      0                      0                      0          6,302,073                  0
 0000039  0020010000000567  0000000000002857                      0                      0                      0          6,010,930                  0
 0000040  0020010000000617  0000000000002006                   -555                      0                      0                  0                  0
 0000041  0020010000000625  0000000000002915                      0                      0                      0          3,889,704                  0
 0000042  0020010000000641  0000000000002998                      0                      0                      0          3,214,325                  0
 0000043  0020010000000666  0000000000003103                      0                      0                    130          3,262,938                  0
 0000044  0020010000000674  0000000000003202                      0              6,999,990              7,515,694         62,305,129                  0
 0000045  0020010000000682  0000000000003210                      0                207,000                199,846          6,798,701                  0
 0000046  0020010000000690  0000000000003285                      0              5,000,000              5,562,849         45,577,115                  0
                                                                       CARDLINK                                          FILE DATE-28/03/20  PAGE     2
                                                  TRIAL BALANCE REPORT TELLING EACH ACCOUNT INFORMATION                  PROC DATE-28/03/20  16:43:19  
                                                                                                                                                       
 JVB0096                                                                                                                                               
                                                                                                                                                       
 CARD TYPE: 001 JACCS VISA CARD                                                                                                                        
 ------------------------------------------------------------------------------------------------------------------------------------------------------
 REC               ACCOUNT          CUSTOMER              PRINCIPAL              PRINCIPAL               INTEREST                FEE               CASH
 NUMBER             NUMBER            NUMBER           CASH BALANCE         RETAIL BALANCE                BALANCE            BALANCE        INT ACCRUED
 ------------------------------------------------------------------------------------------------------------------------------------------------------
 0000047  0020010000000708  0000000000003327                      0                      0                      0          2,856,935                  0
 0000048  0020010000000716  0000000000003368                      0              8,711,000              9,173,924         62,436,109                  0
 0000049  0020010000000757  0000000000003475                 30,000                 50,000                 78,370          6,094,326                500
 0000050  0020010000000765  0000000000003483                      0                      0                      0          4,752,966                  0
 0000051  0020010000000773  0000000000003491                      0                      0                      0          5,952,573                  0
 0000052  0020010000000781  0000000000003608                      0                      0                      0          3,520,985                  0
 0000053  0020010000000807  0000000000003640                      0              2,499,900              2,466,624         15,219,011                  0
 0000054  0020010000000823  0000000000003657                287,928              1,712,062              1,828,660         11,617,851              4,775
 0000055  0020010000000849  0000000000003913                      0                      0                      0          4,752,966                  0
 0000056  0020010000000914  0000000000004143                      0                      0                      0          4,981,501                  0
 0000057  0020010000000922  0000000000004168                      0                      0                      0          5,574,003                  0
 0000058  0020010000000930  0000000000004176                      0                      0                      0          5,574,003                  0
 0000059  0020010000000948  0000000000004184                      0                      0                      0          5,574,003                  0
 0000060  0020010000000963  0000000000004192                      0                      0                      0          5,244,992                  0
 0000061  0020010000000989  0000000000004242                      0                      0                      0          4,752,966                  0
 0000062  0020010000000997  0000000000004309                      0                      0                      0          5,164,191                  0
 0000063  0020010000001003  0000000000004358                      0                      0                      0          5,244,992                  0
 0000064  0020010000001078  0000000000002246                      0                      0                      0          6,307,356                  0
 0000065  0020010000001086  0000000000004564                      0                      0                      0          4,335,278                  0
 0000066  0020010000001185  0000000000004820                      0              1,563,451              1,515,073          5,692,966                  0
 0000067  0020010000001201  0000000000005082                      0                750,000                508,550          4,266,371                  0
 0000068  0020010000001334  0000000000000877              1,794,595                      0              2,635,671         21,374,536             29,900
 0000069  0020010000001383  0000000000005462                      0                313,740              2,155,398          3,328,036                  0
 0000070  0020010000001490  0000000000006932                      0                      0                      0          1,480,000                  0
 0000071  0020010000001532  0000000000008094                      0                      0                      0          2,349,859                  0
                                     TOTAL         -200,496,359,375             35,927,462             43,513,821      1,291,336,102             42,500
 ======================================================================================================================================================
                                                                                                                                                       
 CARD TYPE: 002 JACCS VISA CARD                                                                                                                        
 ------------------------------------------------------------------------------------------------------------------------------------------------------
 REC               ACCOUNT          CUSTOMER              PRINCIPAL              PRINCIPAL               INTEREST                FEE               CASH
 NUMBER             NUMBER            NUMBER           CASH BALANCE         RETAIL BALANCE                BALANCE            BALANCE        INT ACCRUED
 ------------------------------------------------------------------------------------------------------------------------------------------------------
 0000001  0020020000000012  0000000000000059                      0             10,000,000             12,552,377        160,409,725                  0
 0000002  0020020000000020  0000000000000232                      0             10,000,000             12,552,377        153,431,990                  0
 0000003  0020020000000038  0000000000000356                      0                299,999                369,800         11,362,420                  0
 0000004  0020020000000046  0000000000000414                      0                     31                  5,731         77,694,446                  0
 0000005  0020020000000053  0000000000000539                      0              2,220,000              2,551,098         25,535,224                  0
 0000006  0020020000000061  0000000000000638                      0              6,826,487              7,784,741        149,240,049                  0
 0000007  0020020000000079  0000000000000695                      0              2,000,000              2,383,513        111,708,014                  0
 0000008  0020020000000087  0000000000000778                      0                827,087              1,038,831         91,767,811                  0
 0000009  0020020000000103  0000000000000992             -2,096,221                      0                      0                  0                  0
 0000010  0020020000000111  0000000000001750                      0                      0                      0          6,307,356                  0
 0000011  0020020000000178  0000000000001792                      0                      0                      0          6,307,356                  0
 0000012  0020020000000186  0000000000002055                      0              2,100,000              1,873,200         10,699,066                  0
 0000013  0020020000000210  0000000000002469                      0                      0                      0          6,307,356                  0
                                                                       CARDLINK                                          FILE DATE-28/03/20  PAGE     3
                                                  TRIAL BALANCE REPORT TELLING EACH ACCOUNT INFORMATION                  PROC DATE-28/03/20  16:43:19  
                                                                                                                                                       
 JVB0096                                                                                                                                               
                                                                                                                                                       
 CARD TYPE: 002 JACCS VISA CARD                                                                                                                        
 ------------------------------------------------------------------------------------------------------------------------------------------------------
 REC               ACCOUNT          CUSTOMER              PRINCIPAL              PRINCIPAL               INTEREST                FEE               CASH
 NUMBER             NUMBER            NUMBER           CASH BALANCE         RETAIL BALANCE                BALANCE            BALANCE        INT ACCRUED
 ------------------------------------------------------------------------------------------------------------------------------------------------------
 0000014  0020020000000236  0000000000002477                      0                      0                      0          6,307,356                  0
 0000015  0020020000000244  0000000000002519                      0                      0                      0          4,888,939                  0
 0000016  0020020000000251  0000000000002568                      0                      0                      0          6,703,612                  0
 0000017  0020020000000277  0000000000002626                      0                 50,000                 40,062          6,293,352                  0
 0000018  0020020000000319  0000000000002808                      0                      0                      0          6,703,612                  0
 0000019  0020020000000327  0000000000002873                      0                      0                      0          6,010,930                  0
 0000020  0020020000000343  0000000000003038                      0                900,000              1,002,467         12,014,512                  0
 0000021  0020020000000368  0000000000003145                      0                 40,000                100,794          6,225,659                  0
 0000022  0020020000000376  0000000000003236                      0              6,154,000              6,689,434         54,830,524                  0
 0000023  0020020000000384  0000000000003228                      0              5,000,000              5,369,733         44,269,169                  0
 0000024  0020020000000392  0000000000003293                      0              5,000,000              5,562,849         45,577,115                  0
 0000025  0020020000000418  0000000000003343                      0              5,000,000              5,549,515         42,825,008                  0
 0000026  0020020000000426  0000000000003350                      0              5,350,000              5,890,394         51,314,042                  0
 0000027  0020020000000459  0000000000003483                      0                      0                      0          4,752,966                  0
 0000028  0020020000000467  0000000000003517                      0                120,000                100,300          4,988,312                  0
 0000029  0020020000000491  0000000000003665                      0                      0                      0          4,051,294                  0
 0000030  0020020000000509  0000000000003673               -486,858                      0                      0                  0                  0
 0000031  0020020000000517  0000000000003681               -298,834                      0                      0                  0                  0
 0000032  0020020000000541  0000000000004002                      0                      0                      0          3,873,191                  0
 0000033  0020020000000558  0000000000004572                      0                      0                      0          4,549,460                  0
 0000034  0020020000000566  0000000000004580                      0                      0                 33,698          5,610,507                  0
 0000035  0020020000000574  0000000000004622               -123,000                      0                      0                  0                  0
 0000036  0020020000000582  0000000000004689               -423,000                      0                      0                  0                  0
 0000037  0020020000000590  0000000000004754              2,000,000                      0              2,677,262         12,207,859             41,650
 0000038  0020020000000608  0000000000005090                      0                450,000                347,000          3,716,274                  0
 0000039  0020020000000616  0000000000005199                      0                      0                    664                  0                  0
 0000040  0020020000000681  0000000000005447                      0                      0                 72,835          2,439,006                  0
 0000041  0020020000000970  0000000000006791                      0                      0                      0                  0                  0
 0000042  0020020000000988  0000000000006916                      0                      0                      0          1,480,000                  0
                                     TOTAL               -1,427,913             62,337,604             74,548,675      1,152,403,512             41,650
 ======================================================================================================================================================
                                                                                                                                                       
 CARD TYPE: 003 JACCS VISA CARD                                                                                                                        
 ------------------------------------------------------------------------------------------------------------------------------------------------------
 REC               ACCOUNT          CUSTOMER              PRINCIPAL              PRINCIPAL               INTEREST                FEE               CASH
 NUMBER             NUMBER            NUMBER           CASH BALANCE         RETAIL BALANCE                BALANCE            BALANCE        INT ACCRUED
 ------------------------------------------------------------------------------------------------------------------------------------------------------
 0000001  0020030000000011  0000000000000075                      0             19,979,999             25,083,975        295,043,189                  0
 0000002  0020030000000029  0000000000000240                      0             20,000,000             25,106,222        295,186,135                  0
 0000003  0020030000000037  0000000000000414                      0                634,201                804,968         88,778,914                  0
 0000004  0020030000000045  0000000000000547                      0              4,000,000              4,769,694         46,432,398                  0
 0000005  0020030000000052  0000000000000638                      0              1,626,487              1,925,578         89,266,052                  0
 0000006  0020030000000060  0000000000000703                      0              4,000,000              4,767,028        203,650,485                  0
 0000007  0020030000000078  0000000000000778                      0                827,087              1,012,831         81,906,897                  0
 0000008  0020030000000086  0000000000001552                      0                      0                      0          6,703,612                  0
 0000009  0020030000000110  0000000000001289                      0                      0                      0          7,099,870                  0
                                                                       CARDLINK                                          FILE DATE-28/03/20  PAGE     4
                                                  TRIAL BALANCE REPORT TELLING EACH ACCOUNT INFORMATION                  PROC DATE-28/03/20  16:43:19  
                                                                                                                                                       
 JVB0096                                                                                                                                               
                                                                                                                                                       
 CARD TYPE: 003 JACCS VISA CARD                                                                                                                        
 ------------------------------------------------------------------------------------------------------------------------------------------------------
 REC               ACCOUNT          CUSTOMER              PRINCIPAL              PRINCIPAL               INTEREST                FEE               CASH
 NUMBER             NUMBER            NUMBER           CASH BALANCE         RETAIL BALANCE                BALANCE            BALANCE        INT ACCRUED
 ------------------------------------------------------------------------------------------------------------------------------------------------------
 0000010  0020030000000128  0000000000001818                      0                      0                      0          6,307,356                  0
 0000011  0020030000000136  0000000000001990                      0                      0                      0          6,307,356                  0
 0000012  0020030000000144  0000000000002097                      0                      0                      0          6,307,356                  0
 0000013  0020030000000169  0000000000002147                      0                      0                      0          6,307,356                  0
 0000014  0020030000000219  0000000000002543                      0                      0                      0          6,703,612                  0
 0000015  0020030000000227  0000000000002030                      0                      0                      0          6,368,131                  0
 0000016  0020030000000250  0000000000002691                      0                      0                      0          6,307,356                  0
 0000017  0020030000000268  0000000000002717                      0                      0                      0          7,099,870                  0
 0000018  0020030000000276  0000000000002782                      0                      0                      0          6,307,356                  0
 0000019  0020030000000284  0000000000002865                      0                      0                      0          6,010,930                  0
 0000020  0020030000000292  0000000000003079                      0                230,000                177,843          6,465,347                  0
 0000021  0020030000000300  0000000000003087                      0                      0                      0          2,016,895                  0
 0000022  0020030000000318  0000000000003152                      0              9,800,000             10,911,121         99,546,527                  0
 0000023  0020030000000334  0000000000003269                      0              5,000,000              5,562,849         45,577,115                  0
 0000024  0020030000000359  0000000000003244                 40,000              5,000,000              5,629,409         43,398,704              1,000
 0000025  0020030000000367  0000000000003335                      0              5,000,000              5,549,515         42,652,821                  0
 0000026  0020030000000375  0000000000003376                      0              5,000,000              5,549,515         42,825,008                  0
 0000027  0020030000000383  0000000000003335                      0                      0                      0          5,770,758                  0
 0000028  0020030000000391  0000000000003699                      0                      0                      0          4,752,966                  0
 0000029  0020030000000409  0000000000003707             -2,043,000                      0                      0                  0                  0
 0000030  0020030000000441  0000000000001537                      0                      0                      0          4,752,966                  0
 0000031  0020030000000466  0000000000004630                      0                      0                      0            100,000                  0
 0000032  0020030000000508  0000000000005108                      0                310,000                236,694          2,855,923                  0
 0000033  0020030000000516  0000000000005132                      0                530,000                415,297          3,161,247                  0
 0000034  0020030000000581  0000000000006809                      0                      0                      0                  0                  0
 0000035  0020030000000607  0000000000008441                      0                      0                      0                  0                  0
                                     TOTAL               -2,003,000             81,937,774             97,502,539      1,481,970,508              1,000
 ======================================================================================================================================================
                                                                                                                                                       
 CARD TYPE: 005 SALE ADJUSTMENT                                                                                                                        
 ------------------------------------------------------------------------------------------------------------------------------------------------------
 REC               ACCOUNT          CUSTOMER              PRINCIPAL              PRINCIPAL               INTEREST                FEE               CASH
 NUMBER             NUMBER            NUMBER           CASH BALANCE         RETAIL BALANCE                BALANCE            BALANCE        INT ACCRUED
 ------------------------------------------------------------------------------------------------------------------------------------------------------
 0000001  0020050000000019  0000000000003319                      0             11,220,000             12,159,996        116,195,559                  0
 0000002  0020050000000027  0000000000003301                      0             26,640,000             28,741,289        230,367,291                  0
 0000003  0020050000000035  0000000000003392                      0              7,244,000              7,991,488         69,604,729                  0
 0000004  0020050000000050  0000000000003384                      0              8,640,000              9,399,914         67,406,358                  0
 0000005  0020050000000068  0000000000008458                      0                      0                      0                  0                  0
                                     TOTAL                        0             53,744,000             58,292,687        483,573,937                  0
 ======================================================================================================================================================
                                                                       CARDLINK                                          FILE DATE-28/03/20  PAGE     5
                                                  TRIAL BALANCE REPORT TELLING EACH ACCOUNT INFORMATION                  PROC DATE-28/03/20  16:43:19  
                                                                                                                                                       
 JVB0096                                                                                                                                               
                                                                                                                                                       
 CARD TYPE: 012 KILALA JACCS VISA CARD                                                                                                                 
 ------------------------------------------------------------------------------------------------------------------------------------------------------
 REC               ACCOUNT          CUSTOMER              PRINCIPAL              PRINCIPAL               INTEREST                FEE               CASH
 NUMBER             NUMBER            NUMBER           CASH BALANCE         RETAIL BALANCE                BALANCE            BALANCE        INT ACCRUED
 ------------------------------------------------------------------------------------------------------------------------------------------------------
 0000001  0020120000000010  0000000000003665                      0              2,590,000              2,371,524         13,703,007                  0
                                     TOTAL                        0              2,590,000              2,371,524         13,703,007                  0
 ======================================================================================================================================================
                                                                                                                                                       
 CARD TYPE: 751 NEWLY ADDED TYPE RECORD                                                                                                                
 ------------------------------------------------------------------------------------------------------------------------------------------------------
 REC               ACCOUNT          CUSTOMER              PRINCIPAL              PRINCIPAL               INTEREST                FEE               CASH
 NUMBER             NUMBER            NUMBER           CASH BALANCE         RETAIL BALANCE                BALANCE            BALANCE        INT ACCRUED
 ------------------------------------------------------------------------------------------------------------------------------------------------------
 0000001  0027510000000072  0000000000007005                      0              2,810,000              1,085,615          2,313,244                  0
 0000002  0027510000000122  0000000000007179                      0              1,000,000                302,877          1,120,000                  0
 0000003  0027510000000130  0000000000007187                      0                      0                  9,198             10,000                  0
 0000004  0027510000000148  0000000000007195                      0                      0                  9,198             10,000                  0
 0000005  0027510000000155  0000000000007203                      0                      0                  9,198             10,000                  0
 0000006  0027510000000171  0000000000007229                      0              1,000,000                302,877          1,120,000                  0
 0000007  0027510000000189  0000000000007237                      0                      0                  9,198             10,000                  0
 0000008  0027510000000197  0000000000007245                      0                      0                  9,198             10,000                  0
 0000009  0027510000000205  0000000000007252                      0                      0                  9,198             10,000                  0
 0000010  0027510000000221  0000000000007278                      0              1,000,000                302,877          1,120,000                  0
 0000011  0027510000000239  0000000000007286                      0                150,000                      0             80,000                  0
 0000012  0027510000000247  0000000000007294                      0                      0                      0                  0                  0
 0000013  0027510000000254  0000000000007302                      0                      0                      0                  0                  0
 0000014  0027510000000270  0000000000007328                      0              1,000,000                302,877          1,220,000                  0
 0000015  0027510000000486  0000000000008599                      0                      0                      0                  0                  0
                                     TOTAL                        0              6,960,000              2,352,311          7,033,244                  0
 ======================================================================================================================================================
                                                                                                                                                       
 CARD TYPE: 752 NEWLY ADDED TYPE RECORD                                                                                                                
 ------------------------------------------------------------------------------------------------------------------------------------------------------
 REC               ACCOUNT          CUSTOMER              PRINCIPAL              PRINCIPAL               INTEREST                FEE               CASH
 NUMBER             NUMBER            NUMBER           CASH BALANCE         RETAIL BALANCE                BALANCE            BALANCE        INT ACCRUED
 ------------------------------------------------------------------------------------------------------------------------------------------------------
 0000001  0027520000000097  0000000000007336                      0              1,000,000                302,877          1,220,000                  0
 0000002  0027520000000105  0000000000007344                      0                      0                      0             10,000                  0
 0000003  0027520000000113  0000000000007351                      0                      0                      0             10,000                  0
 0000004  0027520000000121  0000000000007369                      0                      0                      0             10,000                  0
 0000005  0027520000000147  0000000000007385                      0              1,000,000                302,877          1,120,000                  0
 0000006  0027520000000154  0000000000007393                      0                      0                      0             10,000                  0
 0000007  0027520000000162  0000000000007401                      0                      0                      0             10,000                  0
 0000008  0027520000000170  0000000000007419                      0                      0                      0             10,000                  0
 0000009  0027520000000196  0000000000007435                      0              1,000,000                302,877          1,120,000                  0
 0000010  0027520000000204  0000000000007443                      0              1,000,000                302,877          1,120,000                  0
 0000011  0027520000000212  0000000000007468                      0              1,000,000                302,877          1,120,000                  0
 0000012  0027520000000220  0000000000007526                      0              1,000,000                302,877          1,120,000                  0
 0000013  0027520000000238  0000000000007534                      0              1,000,000                302,877          1,120,000                  0
 0000014  0027520000000246  0000000000007542                      0              1,000,000                302,877          1,120,000                  0
                                                                       CARDLINK                                          FILE DATE-28/03/20  PAGE     6
                                                  TRIAL BALANCE REPORT TELLING EACH ACCOUNT INFORMATION                  PROC DATE-28/03/20  16:43:19  
                                                                                                                                                       
 JVB0096                                                                                                                                               
                                                                                                                                                       
 CARD TYPE: 752 NEWLY ADDED TYPE RECORD                                                                                                                
 ------------------------------------------------------------------------------------------------------------------------------------------------------
 REC               ACCOUNT          CUSTOMER              PRINCIPAL              PRINCIPAL               INTEREST                FEE               CASH
 NUMBER             NUMBER            NUMBER           CASH BALANCE         RETAIL BALANCE                BALANCE            BALANCE        INT ACCRUED
 ------------------------------------------------------------------------------------------------------------------------------------------------------
 0000015  0027520000000253  0000000000007559                      0              1,000,000                302,877          1,120,000                  0
 0000016  0027520000000261  0000000000007567                      0              1,000,000                302,877          1,120,000                  0
 0000017  0027520000000279  0000000000007575                      0              1,000,000                302,877          1,120,000                  0
 0000018  0027520000000287  0000000000007583                      0              1,000,000                302,877          1,220,000                  0
 0000019  0027520000000295  0000000000008052                      0                      0                      0                  0                  0
 0000020  0027520000000303  0000000000008060             -2,416,730                      0                      0                  0                  0
 0000021  0027520000000311  0000000000008078                -93,413                      0                      0                  0                  0
 0000022  0027520000000477  0000000000008334              1,494,427                      0                299,532            640,000             30,700
 0000023  0027520000000493  0000000000008433                      0                 25,000                      0                  0                  0
 0000024  0027520000000501  0000000000008490                      0                      0                      0                  0                  0
 0000025  0027520000000527  0000000000008524              4,000,000              1,000,000                220,861            512,000             82,175
 0000026  0027520000000535  0000000000006031                      0                      0                      0                  0                  0
                                     TOTAL                2,984,284             13,025,000              4,154,917         14,852,000            112,875
 ======================================================================================================================================================
                                                                                                                                                       
 CARD TYPE: 753 NEWLY ADDED TYPE RECORD                                                                                                                
 ------------------------------------------------------------------------------------------------------------------------------------------------------
 REC               ACCOUNT          CUSTOMER              PRINCIPAL              PRINCIPAL               INTEREST                FEE               CASH
 NUMBER             NUMBER            NUMBER           CASH BALANCE         RETAIL BALANCE                BALANCE            BALANCE        INT ACCRUED
 ------------------------------------------------------------------------------------------------------------------------------------------------------
 0000001  0027530000000021  0000000000006155                      0                      0                      0                  0                  0
 0000002  0027530000000054  0000000000006189                      0                      0                      0          1,720,000                  0
                                     TOTAL                        0                      0                      0          1,720,000                  0
 ======================================================================================================================================================
                                                                                                                                                       
 CARD TYPE: 800 JACCS CASH CARD                                                                                                                        
 ------------------------------------------------------------------------------------------------------------------------------------------------------
 REC               ACCOUNT          CUSTOMER              PRINCIPAL              PRINCIPAL               INTEREST                FEE               CASH
 NUMBER             NUMBER            NUMBER           CASH BALANCE         RETAIL BALANCE                BALANCE            BALANCE        INT ACCRUED
 ------------------------------------------------------------------------------------------------------------------------------------------------------
 0000001  0028000000000016  0000000000000083                      0                      0                 90,001          5,142,589                  0
 0000002  0028000000000024  0000000000000257              9,998,600                      0             18,827,245        184,453,062            249,950
 0000003  0028000000000032  0000000000000414              1,705,698                      0              3,062,509         20,539,469             42,625
 0000004  0028000000000040  0000000000000554                      0                      0                  8,000          6,957,712                  0
 0000005  0028000000000057  0000000000000638                      0                      0                240,410          6,625,349                  0
 0000006  0028000000000065  0000000000000729              2,000,000                      0              3,576,000         25,362,935             50,000
 0000007  0028000000000073  0000000000000778              1,697,768                      0              3,036,355         19,444,700             42,425
 0000008  0028000000000222  0000000000000851              3,599,434                      0              6,379,502         38,317,988             89,975
 0000009  0028000000000255  0000000000000968                 -1,280                      0                      0                  0                  0
 0000010  0028000000000263  0000000000001289               -100,000                      0                      0                  0                  0
 0000011  0028000000000404  0000000000003004              4,900,000                      0              8,183,706         47,613,667            122,500
 0000012  0028000000000412  0000000000003160              5,070,000                      0              8,432,416         47,033,221            126,750
 0000013  0028000000000420  0000000000003251              5,000,000                      0              8,345,006         46,489,180            125,000
 0000014  0028000000000446  0000000000003715               -398,000                      0                      0                  0                  0
 0000015  0028000000000453  0000000000003723               -426,000                      0                      0                  0                  0
 0000016  0028000000000628  0000000000006825              2,300,000                      0              1,476,600          2,419,292             57,500
                                                                       CARDLINK                                          FILE DATE-28/03/20  PAGE     7
                                                  TRIAL BALANCE REPORT TELLING EACH ACCOUNT INFORMATION                  PROC DATE-28/03/20  16:43:19  
                                                                                                                                                       
 JVB0096                                                                                                                                               
                                                                                                                                                       
 CARD TYPE: 800 JACCS CASH CARD                                                                                                                        
 ------------------------------------------------------------------------------------------------------------------------------------------------------
 REC               ACCOUNT          CUSTOMER              PRINCIPAL              PRINCIPAL               INTEREST                FEE               CASH
 NUMBER             NUMBER            NUMBER           CASH BALANCE         RETAIL BALANCE                BALANCE            BALANCE        INT ACCRUED
 ------------------------------------------------------------------------------------------------------------------------------------------------------
                                     TOTAL               35,346,220                      0             61,657,750        450,399,164            906,725
 ======================================================================================================================================================
                                                                                                                                                       
 CARD TYPE: 801 JACCS CASH CARD                                                                                                                        
 ------------------------------------------------------------------------------------------------------------------------------------------------------
 REC               ACCOUNT          CUSTOMER              PRINCIPAL              PRINCIPAL               INTEREST                FEE               CASH
 NUMBER             NUMBER            NUMBER           CASH BALANCE         RETAIL BALANCE                BALANCE            BALANCE        INT ACCRUED
 ------------------------------------------------------------------------------------------------------------------------------------------------------
 0000001  0028010000000015  0000000000000224              1,068,400                      0              2,168,626         19,775,783             29,375
 0000002  0028010000000023  0000000000000109              9,999,900                      0             20,711,531        191,866,892            274,975
 0000003  0028010000000031  0000000000000265             10,000,000                      0             20,713,038        191,872,061            275,000
 0000004  0028010000000056  0000000000000414            -29,124,383                      0                      0                  0                  0
 0000005  0028010000000064  0000000000000562                240,000                      0                322,784          7,147,933              6,600
 0000006  0028010000000072  0000000000000638              1,795,117                      0              3,576,701         17,578,146             13,818
 0000007  0028010000000080  0000000000000737              2,000,000                      0              3,933,601         26,099,126             55,000
 0000008  0028010000000098  0000000000000778              1,797,046                      0              3,524,875         21,761,551             49,400
 0000009  0028010000000213  0000000000003053              5,580,000                      0             10,090,658         59,204,062            153,450
 0000010  0028010000000221  0000000000003111                      0                      0                      0          3,969,134                  0
 0000011  0028010000000239  0000000000003277              5,000,000                      0              9,179,506         49,573,472            137,500
 0000012  0028010000000247  0000000000003533                 50,000                      0                 68,035          3,108,248                385
 0000013  0028010000000262  0000000000003749              4,488,000                      0              7,226,212         29,971,999            123,400
 0000014  0028010000000296  0000000000004648             -1,522,780                      0                      0                  0                  0
 0000015  0028010000000304  0000000000004705             -1,522,999                      0                      0                  0                  0
 0000016  0028010000000312  0000000000004739                      0                      0                  5,016          2,362,597                  0
 0000017  0028010000000346  0000000000005058                      0                      0                  2,002             18,047                  0
 0000018  0028010000000353  0000000000005116                490,000                      0                633,710          3,198,504              3,773
 0000019  0028010000000361  0000000000005157                      0                      0                  1,848                  0                  0
 0000020  0028010000000411  0000000000006833              2,400,000                      0              1,694,880          2,598,853             66,000
                                     TOTAL               12,738,301                      0             83,853,023        630,106,408          1,188,676
 ======================================================================================================================================================
                                                                                                                                                       
 CARD TYPE: 802 JACCS CASH CARD                                                                                                                        
 ------------------------------------------------------------------------------------------------------------------------------------------------------
 REC               ACCOUNT          CUSTOMER              PRINCIPAL              PRINCIPAL               INTEREST                FEE               CASH
 NUMBER             NUMBER            NUMBER           CASH BALANCE         RETAIL BALANCE                BALANCE            BALANCE        INT ACCRUED
 ------------------------------------------------------------------------------------------------------------------------------------------------------
 0000001  0028020000000014  0000000000000141              9,000,000                      0             22,090,655        194,125,028            285,000
 0000002  0028020000000022  0000000000000273             10,000,000                      0             23,850,395        203,182,713            316,650
 0000003  0028020000000048  0000000000000414              1,714,533                      0              3,897,527         22,393,742             54,275
 0000004  0028020000000055  0000000000000588              2,000,000                      0              4,531,651         28,661,024             63,325
 0000005  0028020000000063  0000000000000638              2,037,863                      0              4,420,271         23,709,818             64,525
 0000006  0028020000000071  0000000000000745              2,000,000                      0              4,529,117         27,362,936             63,325
 0000007  0028020000000089  0000000000000778               -944,266                      0                      0                  0                  0
 0000008  0028020000000162  0000000000003012                200,000                      0                423,464          7,821,910              6,325
 0000009  0028020000000170  0000000000003129                 40,000                      0                 74,894          6,817,219              1,250
 0000010  0028020000000188  0000000000000869                373,537                      0              2,320,477         15,397,983             11,825
                                                                       CARDLINK                                          FILE DATE-28/03/20  PAGE     8
                                                  TRIAL BALANCE REPORT TELLING EACH ACCOUNT INFORMATION                  PROC DATE-28/03/20  16:43:19  
                                                                                                                                                       
 JVB0096                                                                                                                                               
                                                                                                                                                       
 CARD TYPE: 802 JACCS CASH CARD                                                                                                                        
 ------------------------------------------------------------------------------------------------------------------------------------------------------
 REC               ACCOUNT          CUSTOMER              PRINCIPAL              PRINCIPAL               INTEREST                FEE               CASH
 NUMBER             NUMBER            NUMBER           CASH BALANCE         RETAIL BALANCE                BALANCE            BALANCE        INT ACCRUED
 ------------------------------------------------------------------------------------------------------------------------------------------------------
 0000011  0028020000000204  0000000000003756              4,982,000                      0              9,239,496         36,361,666            157,750
 0000012  0028020000000212  0000000000003764              6,000,000                      0             11,126,400         42,925,752            190,000
 0000013  0028020000000311  0000000000005066                390,000                      0                570,418          3,961,733             12,350
 0000014  0028020000000329  0000000000005124                510,000                      0                759,801          3,244,610              4,522
 0000015  0028020000000337  0000000000005165                220,000                      0                317,476          3,380,918              1,112
 0000016  0028020000000360  0000000000005439                 60,000                      0                212,404          3,047,683              1,900
 0000017  0028020000000386  0000000000006718              2,200,000                      0              1,919,554          1,919,677             19,502
 0000018  0028020000000394  0000000000006841              2,500,000                      0              2,032,572          2,517,708             79,150
                                     TOTAL               43,283,667                      0             92,316,572        626,832,120          1,332,786
 ======================================================================================================================================================
                                                                                                                                                       
 CARD TYPE: 803 JACCS CASH CARD                                                                                                                        
 ------------------------------------------------------------------------------------------------------------------------------------------------------
 REC               ACCOUNT          CUSTOMER              PRINCIPAL              PRINCIPAL               INTEREST                FEE               CASH
 NUMBER             NUMBER            NUMBER           CASH BALANCE         RETAIL BALANCE                BALANCE            BALANCE        INT ACCRUED
 ------------------------------------------------------------------------------------------------------------------------------------------------------
 0000001  0028030000000013  0000000000000158             10,000,000                      0             28,557,903        218,269,325            379,150
 0000002  0028030000000039  0000000000000281              9,377,000                      0             27,409,728        214,615,619            355,525
 0000003  0028030000000047  0000000000000414              2,261,483                      0              5,635,727         26,405,773             85,725
 0000004  0028030000000054  0000000000000596              2,000,000                      0              5,426,151         30,626,044             75,825
 0000005  0028030000000062  0000000000000638             -1,396,005                      0                      0                  0                  0
 0000006  0028030000000070  0000000000000752         -8,994,517,255                      0                      0                  0                  0
 0000007  0028030000000088  0000000000000778               -933,266                      0                      0                  0                  0
 0000008  0028030000000096  0000000000001826             -6,523,000                      0                      0                  0                  0
 0000009  0028030000000179  0000000000003046                 41,000                      0                100,966          5,434,045              1,550
 0000010  0028030000000187  0000000000003137                -78,938                      0                      0                  0                  0
 0000011  0028030000000195  0000000000003590              2,737,000                      0              6,176,415         26,019,112            103,775
 0000012  0028030000000203  0000000000003772              6,993,000                      0             15,527,904         55,310,718            265,150
 0000013  0028030000000211  0000000000003848               -623,000                      0                      0                  0                  0
 0000014  0028030000000229  0000000000003947            -54,523,000                      0                      0                  0                  0
 0000015  0028030000000237  0000000000003954        -56,799,123,000                      0                      0                  0                  0
 0000016  0028030000000245  0000000000003962            -88,723,000                      0                      0                  0                  0
 0000017  0028030000000252  0000000000004283            -34,523,000                      0                      0                  0                  0
 0000018  0028030000000260  0000000000004499               -531,466                      0                      0                  0                  0
 0000019  0028030000000286  0000000000004879                100,000                      0                188,750          3,463,428                604
 0000020  0028030000000294  0000000000005074                361,000                      0                632,476          3,729,873             13,675
 0000021  0028030000000302  0000000000005140                -15,795                      0                      0                  0                  0
 0000022  0028030000000310  0000000000005173                      0                      0                  1,728                  0                  0
                                     TOTAL          -65,947,640,242                      0             89,657,748        583,873,937          1,280,979
 ======================================================================================================================================================
                                                                                                                                                       
 CARD TYPE: 950 NEWLY ADDED TYPE RECORD                                                                                                                
 ------------------------------------------------------------------------------------------------------------------------------------------------------
 REC               ACCOUNT          CUSTOMER              PRINCIPAL              PRINCIPAL               INTEREST                FEE               CASH
 NUMBER             NUMBER            NUMBER           CASH BALANCE         RETAIL BALANCE                BALANCE            BALANCE        INT ACCRUED
 ------------------------------------------------------------------------------------------------------------------------------------------------------
                                                                       CARDLINK                                          FILE DATE-28/03/20  PAGE     9
                                                  TRIAL BALANCE REPORT TELLING EACH ACCOUNT INFORMATION                  PROC DATE-28/03/20  16:43:19  
                                                                                                                                                       
 JVB0096                                                                                                                                               
                                                                                                                                                       
 CARD TYPE: 950 NEWLY ADDED TYPE RECORD                                                                                                                
 ------------------------------------------------------------------------------------------------------------------------------------------------------
 REC               ACCOUNT          CUSTOMER              PRINCIPAL              PRINCIPAL               INTEREST                FEE               CASH
 NUMBER             NUMBER            NUMBER           CASH BALANCE         RETAIL BALANCE                BALANCE            BALANCE        INT ACCRUED
 ------------------------------------------------------------------------------------------------------------------------------------------------------
 0000001  0029500000000048  0000000000006213                      0                      0                      0                  0                  0
                                     TOTAL                        0                      0                      0                  0                  0
 ======================================================================================================================================================
                                                                                                                                                       
 CARD TYPE: 951 NEWLY ADDED TYPE RECORD                                                                                                                
 ------------------------------------------------------------------------------------------------------------------------------------------------------
 REC               ACCOUNT          CUSTOMER              PRINCIPAL              PRINCIPAL               INTEREST                FEE               CASH
 NUMBER             NUMBER            NUMBER           CASH BALANCE         RETAIL BALANCE                BALANCE            BALANCE        INT ACCRUED
 ------------------------------------------------------------------------------------------------------------------------------------------------------
 0000001  0029510000000088  0000000000006403                500,000                      0                399,006          2,271,141             13,550
 0000002  0029510000000096  0000000000006197            -10,000,000                      0                      0                  0                  0
 0000003  0029510000000104  0000000000007591              3,000,000                      0              1,500,094          1,478,658             81,350
 0000004  0029510000000112  0000000000007609              3,000,000                      0              1,500,094          1,478,658             81,350
 0000005  0029510000000120  0000000000007617              3,000,000                      0              1,500,094          1,478,658             81,350
 0000006  0029510000000138  0000000000007625              3,000,000                      0              1,500,094          1,478,658             81,350
 0000007  0029510000000146  0000000000007633              3,000,000                      0              1,500,094          1,478,658             81,350
 0000008  0029510000000153  0000000000007641              3,000,000                      0              1,500,094          1,478,658             81,350
 0000009  0029510000000161  0000000000007658              3,000,000                      0              1,500,094          1,478,658             81,350
 0000010  0029510000000179  0000000000007666              3,000,000                      0              1,500,094          1,478,658             81,350
 0000011  0029510000000187  0000000000007674              3,000,000                      0              1,500,094          1,478,658             81,350
 0000012  0029510000000195  0000000000007682              3,000,000                      0              1,500,094          1,478,658             81,350
 0000013  0029510000000203  0000000000007690              3,000,000                      0              1,500,094          1,478,658             81,350
 0000014  0029510000000211  0000000000007708              3,000,000                      0              1,500,094          1,478,658             81,350
 0000015  0029510000000229  0000000000007716              3,000,000                      0              1,500,094          1,478,658             81,350
 0000016  0029510000000237  0000000000007724              3,000,000                      0              1,500,094          1,478,658             81,350
 0000017  0029510000000245  0000000000007732              3,000,000                      0              1,500,094          1,478,658             81,350
 0000018  0029510000000252  0000000000007740              3,000,000                      0              1,500,094          1,478,658             81,350
 0000019  0029510000000260  0000000000007757              3,000,000                      0              1,500,094          1,478,658             81,350
 0000020  0029510000000278  0000000000007765              3,000,000                      0              1,500,094          1,478,658             81,350
 0000021  0029510000000286  0000000000007773              3,000,000                      0              1,500,094          1,478,658             81,350
 0000022  0029510000000294  0000000000007781              3,000,000                      0              1,500,094          1,478,658             81,350
 0000023  0029510000000302  0000000000008086               -488,092                      0                      0                  0                  0
 0000024  0029510000000310  0000000000008102                      0                      0                      0                  0                  0
 0000025  0029510000000328  0000000000008110                      0                      0                      0                  0                  0
 0000026  0029510000000344  0000000000008136                      0                      0                      0                  0                  0
 0000027  0029510000000369  0000000000008151                      0                      0                 24,000                  0                  0
 0000028  0029510000000476  0000000000008326                621,690                  2,560                      0            151,916                  0
 0000029  0029510000000492  0000000000008474                      0                      0                      0                  0                  0
 0000030  0029510000000534  0000000000008524                      0                      0                      0             11,000             11,330
 0000031  0029510000000542  0000000000008607                      0                      0                      0                  0                  0
                                     TOTAL               50,633,598                  2,560             30,424,886         32,007,217          1,651,880
 ======================================================================================================================================================
                                                                       CARDLINK                                          FILE DATE-28/03/20  PAGE    10
                                                  TRIAL BALANCE REPORT TELLING EACH ACCOUNT INFORMATION                  PROC DATE-28/03/20  16:43:19  
                                                                                                                                                       
 JVB0096                                                                                                                                               
                                                                                                                                                       
 CARD TYPE: 952 NEWLY ADDED TYPE RECORD                                                                                                                
 ------------------------------------------------------------------------------------------------------------------------------------------------------
 REC               ACCOUNT          CUSTOMER              PRINCIPAL              PRINCIPAL               INTEREST                FEE               CASH
 NUMBER             NUMBER            NUMBER           CASH BALANCE         RETAIL BALANCE                BALANCE            BALANCE        INT ACCRUED
 ------------------------------------------------------------------------------------------------------------------------------------------------------
 0000001  0029520000000061  0000000000007799                      0                      0                 56,205            860,000                  0
 0000002  0029520000000079  0000000000007807                      0                      0                 56,205            860,000                  0
 0000003  0029520000000087  0000000000007815                      0                      0                 56,205            700,000                  0
 0000004  0029520000000103  0000000000007831              3,000,000                      0              1,727,367          1,775,020             93,675
 0000005  0029520000000111  0000000000007849              3,000,000                      0              1,727,367          1,502,191             93,675
 0000006  0029520000000129  0000000000007856              3,000,000                      0              1,727,367          1,502,191             93,675
 0000007  0029520000000137  0000000000007864              3,000,000                      0              1,727,367          1,502,191             93,675
 0000008  0029520000000145  0000000000007872              3,000,000                      0              1,727,367          1,502,191             93,675
 0000009  0029520000000160  0000000000007880              3,000,000                      0              1,727,367          1,502,191             93,675
 0000010  0029520000000178  0000000000007898              3,000,000                      0              1,727,367          1,502,191             93,675
 0000011  0029520000000186  0000000000007906              3,000,000                      0              1,727,367          1,502,191             93,675
 0000012  0029520000000194  0000000000007914              3,000,000                      0              1,727,367          1,502,191             93,675
 0000013  0029520000000202  0000000000007922              3,000,000                      0              1,727,367          1,502,191             93,675
 0000014  0029520000000210  0000000000007930              3,000,000                      0              1,727,367          1,502,191             93,675
 0000015  0029520000000228  0000000000007948              3,000,000                      0              1,727,367          1,502,191             93,675
 0000016  0029520000000236  0000000000007955              3,000,000                      0              1,727,367          1,502,191             93,675
 0000017  0029520000000244  0000000000007963              3,000,000                      0              1,727,367          1,502,191             93,675
 0000018  0029520000000251  0000000000007971              3,000,000                      0              1,727,367          1,502,191             93,675
 0000019  0029520000000269  0000000000007989              3,000,000                      0              1,727,367          1,502,191             93,675
 0000020  0029520000000277  0000000000006254                -50,000                      0                      0                  0                  0
                                     TOTAL               47,950,000                      0             27,806,487         26,727,885          1,498,800
 ======================================================================================================================================================
                                                                                                                                                       
                                                          * * * END OF REPORT * * *                                                                    
